1.000000
1.000000
1.000000
1.000000
1.000000
1.000000
1.000000
1.000000
1.000000
1.000000
1.000000
1.000000
1.000000
1.000000
1.000000
1.000000
1.000000
1.000000
1.000000
1.000000
1.000000
1.000000
1.000000
1.000000
1.000000
1.000000
1.000000
1.000000
1.000000
1.000000
0.046992
0.004547
0.012722
0.051794
0.038401
0.139215
0.112505
0.142299
0.165727
0.180153
0.187497
0.207040
0.103559
0.016134
0.016798
0.179213
0.034363
0.129766
0.002661
-0.012048
0.165633
0.040781
0.099686
0.212902
0.076568
0.240086
0.046769
0.001534
0.059642
0.025325
0.042199
0.020394
0.092634
0.039415
-0.000961
0.023979
0.006867
-0.916402
0.019035
0.020653
0.049380
0.047467
0.231687
0.011867
-0.018895
0.049192
0.001474
-0.061390
0.003463
0.001091
0.005175
0.003547
0.084364
0.174688
0.112007
0.140310
0.061157
0.005867
0.112582
0.048815
0.022357
0.009176
0.003463
-0.005491
0.017850
0.040019
0.078588
0.019097
0.071627
0.006814
0.074815
0.012609
0.001252
0.001264
0.002502
0.234886
0.029746
0.119740
-0.075138
-0.082754
0.000894
0.054297
0.047196
0.038224
0.064574
0.061258
0.094011
0.076680
0.140071
0.021917
0.014722
0.002471
-0.121685
0.002921
0.045152
0.059402
0.293480
0.180933
0.029698
0.026249
0.073153
0.109056
0.000531
0.072024
0.020725
0.053555
0.127636
0.008514
0.050582
0.038730
-0.188755
0.008430
0.066764
0.043309
0.136336
0.061007
0.262390
0.025917
0.068583
0.098165
0.094684
0.045435
0.035425
0.026172
0.051491
0.033070
0.040511
0.009730
0.048488
0.070973
0.166897
0.022433
0.032841
0.050106
0.132113
0.303146
0.048992
0.144726
0.005486
0.003115
-0.067090
0.029846
0.095292
0.015932
0.096936
0.005356
0.029332
-0.082005
0.033564
0.024776
0.000340
0.055486
0.012941
0.026368
0.007047
0.022774
0.005951
0.062822
0.191366
0.009841
0.021114
0.008149
0.089265
0.016535
0.029645
1.000000
0.021952
0.003850
0.021829
0.014241
0.018290
0.025350
0.081223
0.020458
1.000000
0.010837
1.000000
0.033179
0.000228
0.004760
-0.048758
0.014220
0.151266
0.238410
0.073038
-0.012220
0.001832
0.008529
0.020464
0.178800
0.030152
0.026726
0.060223
0.114497
0.006635
0.007987
0.016944
0.242742
0.008824
-0.036766
0.002434
0.013412
0.107551
0.079810
0.079890
0.308074
0.280779
0.441873
0.038945
0.103991
0.154008
0.112525
0.497849
0.110770
0.144345
0.147850
0.107489
0.006200
0.137140
-0.144320
-0.092163
1.000000
0.003793
0.194987
0.144769
0.126234
0.156742
0.143857
0.110912
0.108658
0.116081
1.000000
0.130143
1.000000
0.235363
0.090852
0.557803
0.108867
0.098729
0.114447
1.000000
0.159481
0.563002
0.119782
0.302312
0.138877
0.133569
0.158273
0.114965
0.057457
0.097511
0.130053
0.225059
1.000000
0.047109
0.064223
0.244295
1.000000
0.483838
0.129259
0.088334
0.076028
0.449002
0.121642
0.086006
0.060969
0.102115
1.000000
0.447695
0.136801
0.000580
0.016831
0.004744
0.008136
0.005377
0.002701
0.001713
0.049089
0.084782
0.046080
0.117749
0.176170
0.157661
0.049301
0.009243
0.000321
0.011665
0.024961
0.007232
0.064071
0.006115
0.001163
0.135501
0.144091
0.014139
0.002448
0.007490
0.009128
0.078941
0.144242
0.155264
0.134839
0.001335
0.000225
0.009871
-0.861506
0.002712
0.001090
0.017478
0.001406
0.010826
0.062928
0.043771
0.048734
0.067188
0.055902
0.066895
0.046891
0.018976
0.001101
0.004771
0.009697
0.004642
0.015935
0.001751
0.014018
0.000987
0.006442
0.021731
0.066020
0.147618
0.238026
0.227076
0.214450
0.150203
0.076394
0.153452
0.084527
-0.063312
0.004925
0.007344
0.003830
0.003257
0.095638
-0.098791
0.204576
0.006270
-0.108868
0.010477
0.168697
0.006343
0.001912
0.048018
0.012803
0.015531
0.007433
0.003412
0.006433
0.004391
0.051568
0.064548
0.040641
0.042781
0.073231
0.069925
0.075933
0.060186
0.027264
0.063745
0.101304
0.108562
0.129224
0.131724
0.087055
0.038933
0.106081
0.155914
0.135622
0.570030
0.155613
0.156042
0.627406
0.173477
1.000000
1.000000
0.152197
1.000000
0.184666
1.000000
0.185305
0.184520
0.189031
0.193199
0.193927
1.000000
0.192892
1.000000
1.000000
0.206053
1.000000
0.214753
0.199879
0.171971
1.000000
1.000000
1.000000
1.000000
1.000000
1.000000
0.226938
1.000000
1.000000
1.000000
0.226277
1.000000
1.000000
0.227835
1.000000
1.000000
1.000000
1.000000
1.000000
1.000000
1.000000
1.000000
1.000000
1.000000
1.000000
0.001876
0.005049
0.044035
0.004292
0.014081
0.010015
0.004221
0.002692
0.004823
0.030378
0.153888
0.116835
0.139833
0.072923
0.058318
0.003035
0.007343
0.014684
0.076019
0.088889
0.010331
0.029735
0.024836
0.002279
0.227629
0.006961
0.018729
0.227607
0.002273
0.040568
0.013584
0.021762
0.049215
0.030205
0.032025
-0.000978
0.038639
0.080003
0.005370
0.003134
0.024527
0.001597
0.004719
0.000226
0.002773
0.000652
0.012778
0.007033
0.012252
0.002043
0.003411
0.000523
0.004967
-0.067627
0.001422
0.057221
0.004199
1.000000
0.204621
0.067915
0.013210
0.019022
0.040722
0.014348
0.047645
0.032378
0.036274
0.071204
0.070610
0.074277
1.000000
1.000000
0.111406
0.143968
0.164750
0.172738
0.165407
1.000000
0.157895
0.157674
0.148048
0.158890
1.000000
0.186127
0.197972
0.200715
1.000000
0.191987
0.204416
1.000000
0.196641
1.000000
0.219507
1.000000
1.000000
0.206384
1.000000
1.000000
1.000000
1.000000
1.000000
1.000000
1.000000
1.000000
1.000000
1.000000
1.000000
1.000000
1.000000
0.002925
0.000070
0.016097
0.003296
0.006437
0.007020
0.005187
0.004820
0.005102
0.011193
-0.141807
0.028326
-0.180348
-0.245236
0.024458
0.010198
0.022836
0.035461
-0.000777
0.020138
0.013128
0.008470
-0.001888
0.020052
0.136963
0.105430
0.018740
0.100490
0.003037
0.007166
0.012206
0.012063
0.002878
0.011311
0.003064
0.004703
0.008266
0.014467
0.016652
0.014597
0.008435
0.014104
0.005189
0.132317
0.226576
0.106577
0.002231
0.135713
0.114686
0.013455
0.014543
0.004744
0.001165
0.069387
-0.576587
0.014889
0.002489
0.007716
0.074515
0.122008
0.198617
0.045811
0.166357
0.025652
-0.236136
0.148957
0.084438
0.062928
0.133723
0.129797
0.134918
0.156389
1.000000
0.130904
0.115435
0.117739
0.106241
0.111741
0.126633
0.164309
0.182676
0.147971
0.168170
1.000000
0.192632
1.000000
1.000000
1.000000
1.000000
0.201442
1.000000
1.000000
1.000000
0.201211
0.201076
1.000000
1.000000
1.000000
0.216843
0.219571
1.000000
1.000000
1.000000
1.000000
1.000000
1.000000
1.000000
1.000000
1.000000
1.000000
1.000000
1.000000
1.000000
1.000000
1.000000
1.000000
1.000000
1.000000
1.000000
1.000000
1.000000
1.000000
1.000000
1.000000
1.000000
1.000000
1.000000
1.000000
1.000000
1.000000
1.000000
1.000000
1.000000
1.000000
1.000000
1.000000
1.000000
1.000000
1.000000
1.000000
1.000000
1.000000
1.000000
1.000000
1.000000
1.000000
0.000325
0.000709
0.069052
0.006908
0.031119
0.033752
0.006963
0.016164
0.000286
0.001735
0.011566
0.000614
0.028108
0.001128
-0.078581
0.018181
0.023736
0.010097
0.017062
0.058834
0.078666
0.090600
0.132304
0.137365
0.089585
0.348086
0.050076
0.078610
0.003473
0.005774
0.071138
0.157883
0.132801
1.000000
1.000000
1.000000
1.000000
1.000000
1.000000
1.000000
1.000000
1.000000
1.000000
1.000000
1.000000
1.000000
1.000000
1.000000
1.000000
1.000000
1.000000
1.000000
1.000000
1.000000
1.000000
1.000000
1.000000
1.000000
1.000000
1.000000
1.000000
1.000000
1.000000
1.000000
0.029535
0.002642
0.012722
0.046664
0.040166
0.141557
0.114474
0.141901
0.162133
0.173300
0.182040
0.204879
0.093460
0.016134
0.016798
0.179213
0.034363
0.129766
0.002661
-0.012048
0.165633
0.040781
0.099686
0.212902
0.076568
0.240086
0.018466
-0.003114
0.091443
0.025325
0.020351
0.000288
0.092634
0.035339
-0.000961
0.023979
0.006867
-0.916402
0.019035
0.007160
0.046313
0.052898
0.240535
0.011867
-0.018895
0.052008
0.001474
-0.061390
0.003463
0.009877
0.005175
0.003547
0.084364
0.174688
0.112007
0.140310
0.061157
0.032875
0.112582
0.048815
0.001374
0.009176
0.003463
-0.005491
0.017850
0.052639
0.074963
0.015891
0.072375
0.017893
0.071931
0.006754
0.001252
0.001264
0.002502
0.234886
0.035406
0.126342
-0.075138
-0.082754
0.000894
0.054120
0.047196
0.028188
0.052614
0.063517
0.079288
0.074572
0.140071
0.021917
0.012490
0.002471
-0.121685
0.002921
0.040816
0.050912
0.293480
0.180933
0.021411
0.026249
0.073153
0.109056
0.000531
0.072718
0.042095
0.047712
0.127636
0.004623
0.056191
0.046671
-0.188755
0.008430
0.057476
0.032847
0.136336
0.053858
0.262390
0.015890
0.066735
0.089958
0.094089
0.037700
0.031207
0.034611
0.059994
0.033500
0.040511
0.027141
0.069953
0.073460
0.166897
-0.016885
0.025291
0.057278
0.132113
0.303146
0.035872
0.144726
0.005486
0.003115
-0.067090
0.029846
0.156211
0.015932
0.096412
0.013980
0.029332
-0.082005
0.033564
0.024776
0.000340
0.076047
0.012941
0.053495
0.007047
0.022774
0.005951
0.037561
0.189800
0.009841
0.021114
0.008149
0.079419
0.004479
0.031679
1.000000
0.008817
0.003850
0.021829
0.014241
0.018290
-0.014984
0.081223
0.042113
1.000000
0.010837
1.000000
0.038188
0.000228
0.004760
-0.048758
0.014220
0.180475
0.260363
0.104360
-0.012220
0.001832
0.008529
0.017118
0.180129
0.012652
0.024203
0.042091
0.127003
0.006635
0.004232
0.016944
0.242742
0.008824
-0.036766
-0.003169
0.024256
0.093530
0.081305
0.088214
0.308074
0.280779
0.441873
0.043112
0.107302
0.153610
0.115780
0.497849
0.109757
0.144484
0.138011
0.096820
0.006200
0.137443
-0.144320
-0.092163
1.000000
0.003793
0.194987
0.141497
0.126805
0.151802
0.131951
0.111422
0.106965
0.121651
1.000000
0.125712
1.000000
0.235363
0.087558
0.557803
0.117791
0.090274
0.117955
1.000000
0.158728
0.563002
0.112819
0.302312
0.142398
0.130403
0.151267
0.114134
0.062139
0.111486
0.121390
0.225059
1.000000
0.047109
0.068333
0.244295
1.000000
0.483838
0.122775
0.101124
0.075510
0.449002
0.107303
0.080721
0.043894
0.095869
1.000000
0.447695
0.119862
0.002406
0.015484
0.004744
0.008136
0.005377
0.002701
0.001713
0.032422
0.078170
0.042588
0.116302
0.174951
0.153374
0.043116
0.009243
0.000321
0.011665
0.024961
0.007232
0.064453
0.006115
0.001163
0.132926
0.138950
0.001368
0.002448
0.007490
0.009128
0.102408
0.138662
0.145999
0.140526
0.001335
0.000225
0.009871
-0.861506
0.002712
0.001090
0.017478
0.001406
0.010826
0.053426
0.038979
0.046867
0.069336
0.060449
0.068491
0.040261
0.009339
0.001101
0.004771
0.009697
0.004642
0.015935
0.001751
0.014018
0.000987
0.006442
0.021731
0.085372
0.161398
0.239414
0.229657
0.220866
0.163441
0.093101
0.140066
0.064492
-0.063312
0.004925
0.007344
0.003830
0.003257
0.095638
-0.098791
0.200143
0.006270
-0.108868
0.010477
0.169514
0.006343
0.001912
0.050308
0.012803
0.015531
0.007433
0.003412
0.006433
0.004391
0.048446
0.058235
0.035240
0.041599
0.074589
0.059420
0.083008
0.057387
0.010828
0.071283
0.108887
0.111730
0.128819
0.127451
0.066508
0.045325
0.113603
0.156365
0.131047
0.570030
0.154595
0.158087
0.627406
0.166622
1.000000
1.000000
0.159886
1.000000
0.180230
1.000000
0.185386
0.178883
0.186453
0.194285
0.192223
1.000000
0.191891
1.000000
1.000000
0.201525
1.000000
0.211460
0.197082
0.165153
1.000000
1.000000
1.000000
1.000000
1.000000
1.000000
0.223756
1.000000
1.000000
1.000000
0.223102
1.000000
1.000000
0.224993
1.000000
1.000000
1.000000
1.000000
1.000000
1.000000
1.000000
1.000000
1.000000
1.000000
1.000000
0.001876
0.005049
0.045047
0.004292
0.014081
0.010015
0.004221
0.002692
0.007433
0.026815
0.153888
0.121002
0.135652
0.046424
0.039103
0.003035
0.001806
0.014684
0.076019
0.088889
0.010331
0.029735
0.024836
0.002279
0.227629
-0.017261
0.011104
0.227607
0.002273
0.040568
0.013584
0.021762
0.047605
0.030205
0.032025
-0.000978
-0.002204
0.078404
0.041818
0.003134
0.024527
0.001597
0.004719
0.000226
0.002773
0.000652
0.012778
0.007033
0.006492
0.002043
0.003411
0.000523
0.004967
-0.067627
0.001422
-0.009553
0.004199
1.000000
0.204621
0.067915
0.013210
0.019022
0.974370
0.974229
0.974497
0.974750
0.974408
0.974524
0.974606
0.974508
0.974272
0.974465
0.974389
0.974350
0.974639
0.974341
0.974515
0.974678
0.974698
0.974390
0.974284
0.974490
0.974760
0.974453
0.974530
0.974609
0.974490
0.974240
0.974483
0.974398
0.974390
0.968152
0.461397
0.124206
0.312688
0.271374
0.442604
0.441390
0.588035
0.578426
0.775150
0.783643
0.746841
0.893141
0.575442
0.318809
0.254238
0.179398
0.150575
0.208841
0.257955
0.190505
0.279469
0.289033
0.232973
0.242252
0.288575
0.240553
0.187555
0.341051
0.601414
0.644674
0.596866
0.644605
0.605118
0.644466
0.608873
0.728178
0.824468
0.816417
0.741104
0.691794
0.525919
0.463411
0.695992
0.702230
0.631009
0.601477
0.368978
0.589509
0.434412
0.412707
0.361402
0.158250
0.256046
0.251109
0.228912
0.220348
0.260579
0.214238
0.214313
0.247224
0.258556
0.212118
0.204830
0.258851
0.272799
0.185971
0.309052
0.268007
0.349542
0.500075
0.417750
0.458352
0.491752
0.423074
0.365107
0.391384
0.340981
0.532044
0.334487
0.350932
0.336198
0.400725
0.305709
0.284667
0.368429
0.373767
0.394414
0.365796
0.194103
0.443216
0.416367
0.406586
0.458520
0.473504
0.343466
0.421532
0.385856
0.470330
0.331954
0.264981
0.256503
0.343073
0.294492
0.376849
0.363591
0.324905
0.295393
0.361384
0.518477
0.577083
0.422133
0.301827
0.366120
0.355385
0.332912
0.481213
0.415274
0.387178
0.334556
0.457921
0.451785
0.348603
0.302381
0.337326
0.395477
0.318281
0.234930
0.300359
0.242688
0.264344
0.211353
0.320326
0.325446
0.294614
0.306958
0.369363
0.353709
0.317809
0.379925
0.229473
0.300382
0.617071
0.611084
0.516774
0.666532
0.585658
0.668860
0.718761
0.716802
0.708963
0.740603
0.716633
0.676336
0.464138
0.537320
0.600765
0.667515
0.686024
0.702619
0.641091
0.615265
0.528005
0.543229
0.446237
0.481290
0.400039
0.467318
0.288279
0.283591
0.464600
0.453569
0.439212
0.304391
0.521203
0.465527
0.341194
0.259046
0.289477
0.255726
0.255659
0.607174
0.757779
0.576592
0.664527
0.682982
0.689821
0.672204
0.510278
0.609759
0.558420
0.675416
0.509250
0.645604
0.240722
0.377446
0.296502
0.289061
0.367970
0.284084
0.181073
0.240245
0.286649
0.399259
0.418435
0.520355
0.439961
0.495962
0.550721
0.464996
0.538997
0.652926
0.610389
0.571700
0.585225
0.599271
0.610668
0.450659
0.365229
0.537942
0.422133
0.367623
0.259470
0.352005
0.481903
0.501400
0.650615
0.563910
0.611990
0.502159
0.567582
0.630566
0.671302
0.479506
0.529440
0.526680
0.488569
0.575195
0.579922
0.585508
0.472525
0.615125
0.671128
0.626188
0.607409
0.510684
0.585792
0.513834
0.618148
0.565021
0.448234
0.530317
0.511609
0.451648
0.349555
0.264597
0.325508
0.408340
0.606137
0.586565
0.570487
0.484786
0.473400
0.413395
0.481806
0.420074
0.385378
0.496687
0.573722
0.571048
0.470625
0.317079
0.333366
0.486224
0.613327
0.600732
0.611168
0.587737
0.573244
0.551484
0.355357
0.559544
0.637018
0.503137
0.390432
0.337585
0.368995
0.430875
0.498633
0.450861
0.457377
0.417887
0.288773
0.490021
0.494089
0.450654
0.345040
0.556488
0.599795
0.651677
0.719309
0.689736
0.630299
0.561958
0.746509
0.750004
0.687506
0.477085
0.475385
0.598001
0.555988
0.459488
0.583074
0.557502
0.569085
0.560147
0.536192
0.566265
0.476164
0.552241
0.578056
0.581216
0.591891
0.585200
0.596336
0.630771
0.618276
0.648610
0.664044
0.686676
0.791331
0.765464
0.709137
0.704175
0.702387
0.686499
0.664552
0.624318
0.686554
0.697426
0.717738
0.715453
0.706651
0.668183
0.581482
0.660694
0.708787
0.429131
0.553440
0.758955
0.371936
0.798299
0.589641
0.783761
0.503536
0.708136
0.452642
0.382695
0.263182
0.324443
0.397986
0.399327
0.434417
0.344715
0.401835
0.419191
0.463814
0.248027
0.367017
0.390094
0.489831
0.489267
0.549866
0.572964
0.474169
0.286998
0.579876
0.572732
0.591516
0.642059
0.630979
0.676265
0.637970
0.611502
0.594466
0.537758
0.507354
0.684324
0.750885
0.751578
0.802912
0.776619
0.713092
0.788641
0.815577
0.751274
0.857985
0.851711
0.854179
0.866637
0.848991
0.889840
0.860670
0.778798
0.638015
0.841129
0.785744
0.893577
0.908577
0.900170
0.935574
0.940552
0.941229
0.937429
0.907949
0.923500
0.931053
0.928546
0.935453
0.945810
0.958477
0.956465
0.953694
0.953798
0.944687
0.954509
0.950806
0.947128
0.971912
0.336606
0.232336
0.340428
0.589152
0.595433
0.595932
0.598879
0.523080
0.540223
0.529824
0.452651
0.543632
0.662059
0.669952
0.410456
0.267567
0.222308
0.176230
0.178885
0.188404
0.189556
0.310813
0.377926
0.294175
0.310120
0.287984
0.305871
0.273976
0.239647
0.192224
0.367858
0.557891
0.529555
0.606826
0.650933
0.652544
0.616718
0.585976
0.540286
0.469743
0.512007
0.557679
0.602621
0.542474
0.500961
0.456450
0.467255
0.490197
0.521864
0.438313
0.467895
0.286015
0.359003
0.194298
0.154658
0.154347
0.227903
0.344069
0.454884
0.440322
0.194372
0.196051
0.145433
0.225711
0.212558
0.425687
0.322555
0.417051
0.479716
0.520069
0.567774
0.671705
0.597779
0.585334
0.730191
0.764657
0.689086
0.742352
0.774251
0.625691
0.665599
0.673379
0.804273
0.804083
0.797778
0.858085
0.812448
0.814723
0.836351
0.787364
0.798436
0.822850
0.882614
0.831565
0.884740
0.867900
0.901393
0.904436
0.894159
0.918278
0.858631
0.876354
0.816190
0.845191
0.898143
0.889265
0.936831
0.944736
0.937131
0.372652
0.352237
0.439365
0.337026
0.431955
0.302412
0.453996
0.293504
0.256233
0.321566
0.450357
0.442309
0.514178
0.562560
0.475312
0.297133
0.252496
0.262523
0.607513
0.453355
0.399092
0.546951
0.595605
0.525501
0.650474
0.649511
0.655068
0.622767
0.707463
0.724928
0.747122
0.750085
0.773023
0.777845
0.757539
0.780074
0.799925
0.787575
0.798496
0.796326
0.768924
0.762499
0.737662
0.776843
0.808935
0.755582
0.771149
0.694139
0.795007
0.614824
0.469001
0.501151
0.753039
0.478841
0.571493
0.296305
0.558629
0.473810
0.638320
0.369033
0.487540
0.615430
0.557706
0.333353
0.416381
0.456406
0.474811
0.431264
0.599282
0.588456
0.486672
0.578359
0.660783
0.593770
0.436592
0.500911
0.507186
0.481715
0.617467
0.690738
0.635972
0.747218
0.702486
0.728204
0.845407
0.717909
0.752827
0.817886
0.782067
0.808721
0.874214
0.826594
0.879081
0.816684
0.856338
0.897101
0.916008
0.825273
0.890577
0.889898
0.867062
0.910010
0.918044
0.910072
0.938120
0.948434
0.932659
0.924385
0.937246
0.934865
0.948103
0.948623
0.905884
0.953112
0.953559
0.959868
0.963588
0.946488
0.952961
0.952120
0.952501
0.957532
0.961721
0.957385
0.965065
0.961008
0.965801
0.965869
0.958315
0.957504
0.956912
0.959803
0.963485
0.969059
0.968368
0.966486
0.967115
0.969886
0.969795
0.972191
0.970063
0.971317
0.971389
0.971333
0.971323
0.970364
0.262450
0.411142
0.327819
0.414753
0.454048
0.448591
0.531062
0.548829
0.471938
0.209019
0.382411
0.422006
0.344776
0.396311
0.446422
0.430110
0.352727
0.344448
0.378029
0.402445
0.459884
0.618117
0.671873
0.594643
0.568593
0.469276
0.506387
0.490881
0.214915
0.622547
0.479670
0.601740
0.642822
0.697260
