0.999005
0.998778
0.999248
0.999308
0.999013
0.999154
0.999043
0.998996
0.999007
0.999076
0.999016
0.998940
0.999122
0.999056
0.999149
0.999362
0.999250
0.999025
0.998786
0.999231
0.999304
0.999064
0.999137
0.999061
0.999000
0.998986
0.999082
0.999018
0.998955
0.996155
0.758329
0.518909
0.734805
0.695373
0.830976
0.726064
0.862565
0.823079
0.976103
0.925811
0.951832
0.974842
0.643390
-0.172840
-0.217913
-0.241711
-0.014850
-0.236202
-0.426812
-0.447819
-0.425592
-0.478128
-0.512930
-0.523296
-0.423964
-0.411404
0.403460
0.955949
0.927028
0.931365
0.938933
0.947825
0.957673
0.967760
0.980084
0.991693
0.994409
0.995130
0.995570
0.995977
0.995711
0.993439
0.984184
0.981554
0.980648
0.980756
0.976718
0.977041
0.968078
0.970893
0.858430
-0.112904
-0.121264
-0.065566
-0.153648
-0.133455
-0.079682
-0.094726
-0.159235
-0.199111
-0.257861
-0.066429
0.106653
0.358962
0.375026
0.606179
0.598818
0.692030
0.743335
0.745929
0.760164
0.832746
0.930511
0.908419
0.963673
0.989042
0.992469
0.995575
0.989749
0.977542
0.839331
0.715165
0.791233
0.851870
0.742049
0.852587
0.814609
0.796441
0.842209
0.881723
0.950760
0.929107
0.929681
0.900142
0.814406
0.780786
0.810383
0.788502
0.779011
0.832023
0.844124
0.805970
0.858695
0.862359
0.786568
0.770220
0.782986
0.928027
0.981553
0.973730
0.940178
0.840683
0.682806
0.713609
0.728382
0.772113
0.787375
0.816117
0.743911
0.714414
0.752269
0.665887
0.721196
0.696343
0.697000
0.662205
0.690028
0.721347
0.708860
0.728798
0.645767
0.678196
0.666316
0.679713
0.685380
0.631410
0.691777
0.601014
0.747578
0.930014
0.940188
0.917869
0.914179
0.910002
0.913255
0.913332
0.918610
0.916710
0.928112
0.934472
0.949620
0.955506
0.968980
0.972431
0.978572
0.983082
0.987129
0.986370
0.987516
0.990293
0.989469
0.987391
0.982722
0.975941
0.963786
0.950396
0.937989
0.925404
0.917875
0.904153
0.907050
0.902086
0.915693
0.901035
0.924386
0.934578
0.956143
0.963680
0.976571
0.967706
0.986937
0.994184
0.983457
0.979999
0.983567
0.986555
0.990883
0.985391
0.987345
0.969421
0.973231
0.920148
0.964917
0.892978
0.936780
0.894895
0.950493
0.939415
0.961388
0.931324
0.938202
0.889780
0.766157
0.728223
0.755389
0.836429
0.770680
0.780928
0.785786
0.764982
0.786025
0.761912
0.809106
0.834748
0.796828
0.821195
0.804537
0.817313
0.975906
0.975626
0.938514
0.837471
0.844458
0.809564
0.836018
0.854639
0.777655
0.813693
0.862252
0.836263
0.809351
0.806335
0.795472
0.788850
0.826221
0.787055
0.788854
0.731535
0.769897
0.775998
0.810588
0.814245
0.786970
0.815656
0.717891
0.813069
0.730588
0.801181
0.754724
0.663742
0.691762
0.697977
0.727027
0.453866
0.167492
0.545123
0.584253
0.695408
0.696243
0.698708
0.673772
0.646841
0.673957
0.653617
0.559326
0.657373
0.733057
0.697763
0.754619
0.671261
0.814810
0.941561
0.988901
0.984718
0.959923
0.937460
0.930573
0.930574
0.926532
0.956559
0.989713
0.992574
0.994517
0.951521
0.915691
0.903932
0.911741
0.926033
0.920050
0.903829
0.928511
0.958312
0.988705
0.989997
0.988167
0.986567
0.986078
0.966166
0.948673
0.941551
0.915100
0.912058
0.972719
0.985088
0.979219
0.980440
0.985123
0.994476
0.995820
0.992515
0.986907
0.987928
0.990142
0.989842
0.988249
0.987095
0.984957
0.982369
0.941979
0.939561
0.952672
0.951827
0.967078
0.991070
0.994025
0.993903
0.994460
0.994438
0.994688
0.994927
0.994891
0.994933
0.995428
0.995725
0.995642
0.995507
0.991248
0.979094
0.974406
0.971815
0.973610
0.968854
0.942948
0.907829
0.958714
0.976954
0.985806
0.990701
0.993387
0.991267
0.993816
0.993317
0.992778
0.990637
0.991032
0.988713
0.949725
0.935785
0.846215
0.854055
0.772033
0.708966
0.724382
0.673948
0.745206
0.668618
0.183210
0.545447
0.563529
0.658520
0.739526
0.710721
0.738648
0.767349
0.670942
0.700598
0.753786
0.798941
0.803790
0.817652
0.859661
0.841723
0.823537
0.893223
0.782807
0.828259
0.880941
0.897519
0.936478
0.925278
0.925957
0.901107
0.954049
0.957180
0.915493
0.966505
0.965321
0.968391
0.970483
0.977102
0.975708
0.965681
0.961648
0.935393
0.985838
0.976241
0.987523
0.988644
0.987159
0.991465
0.989387
0.991364
0.991179
0.988536
0.991679
0.992462
0.992318
0.993888
0.993811
0.994094
0.994647
0.994512
0.994375
0.994796
0.995068
0.994892
0.995928
0.998802
0.978745
0.932977
0.973272
0.951411
0.935444
0.904242
0.884294
0.854312
0.851361
0.864237
0.866930
0.898430
0.938117
0.950530
0.952217
0.841093
0.350421
0.020125
-0.387032
-0.484536
0.117719
0.390072
0.261795
0.277331
0.582439
0.775494
0.712269
0.724780
0.820912
0.919138
0.907024
0.895863
0.899731
0.892540
0.887774
0.890385
0.892262
0.898336
0.904643
0.925748
0.967891
0.981013
0.983715
0.980447
0.971104
0.967063
0.977031
0.980962
0.984658
0.982365
0.985673
0.970900
0.987217
0.948484
0.585846
0.025650
-0.125033
-0.353166
-0.009216
0.036545
-0.088247
-0.094334
0.106106
0.361465
0.281058
0.326916
0.516216
0.678700
0.737086
0.750641
0.771097
0.864959
0.818392
0.819599
0.890100
0.897546
0.880242
0.930317
0.907286
0.898601
0.881045
0.923948
0.948197
0.929181
0.937808
0.967908
0.946790
0.966688
0.946621
0.956596
0.952959
0.968545
0.980657
0.981747
0.983074
0.981516
0.985389
0.982215
0.983254
0.987649
0.984282
0.986175
0.988577
0.989493
0.989281
0.990261
0.991260
0.991538
0.991584
0.892830
0.907469
0.922007
0.903995
0.916261
0.910735
0.928627
0.917459
0.961404
0.961253
0.946892
0.944109
0.942750
0.892360
0.900345
0.170680
-0.371468
-0.197665
0.945153
0.939112
0.922762
0.896143
0.843367
0.853610
0.899330
0.918729
0.946490
0.965059
0.971779
0.980338
0.987797
0.990330
0.992148
0.992556
0.992123
0.992198
0.993089
0.993573
0.993809
0.994233
0.994589
0.995091
0.979517
0.969409
0.968001
0.958472
0.940446
0.943395
0.951697
0.956318
0.974686
0.985905
0.992423
0.982708
0.988153
0.986744
0.991517
0.985909
0.990392
0.988735
0.990691
0.991838
0.960917
0.869276
0.915419
0.807865
0.830998
0.743403
0.826378
0.843404
0.834111
0.824149
0.857606
0.874837
0.794490
0.828640
0.806438
0.765996
0.866947
0.857220
0.845670
0.909782
0.892077
0.918769
0.964148
0.922215
0.946962
0.974166
0.958251
0.971227
0.960912
0.976186
0.985257
0.970295
0.985071
0.986373
0.985042
0.978407
0.987407
0.985993
0.989058
0.989933
0.990609
0.992998
0.992170
0.993536
0.993670
0.994183
0.994641
0.994586
0.994133
0.995085
0.995218
0.996143
0.995232
0.996148
0.996029
0.995526
0.996663
0.996671
0.996960
0.997033
0.997052
0.997548
0.996926
0.997349
0.997320
0.997511
0.997851
0.997773
0.997739
0.997853
0.998345
0.998109
0.998177
0.998229
0.998412
0.998485
0.998596
0.998633
0.998253
0.998549
0.998465
0.998727
0.998303
0.998311
0.929972
0.934156
0.920542
0.922399
0.914908
0.903231
0.897631
0.906872
0.919664
0.927499
0.939981
0.933219
0.929965
0.929559
0.950237
0.928931
0.845655
0.814070
0.747721
0.800953
0.830404
0.883297
0.894279
0.869066
0.865188
0.884001
0.922913
0.897298
0.989873
0.974728
0.901179
0.865634
0.859704
0.925696
0.999005
0.998778
0.999248
0.999308
0.999013
0.999154
0.999043
0.998996
0.999007
0.999076
0.999016
0.998940
0.999122
0.999056
0.999149
0.999362
0.999250
0.999025
0.998786
0.999231
0.999304
0.999064
0.999137
0.999061
0.999000
0.998986
0.999082
0.999018
0.998955
0.996155
0.758329
0.518909
0.734805
0.695373
0.830976
0.726064
0.862565
0.823079
0.976103
0.925811
0.951832
0.974842
0.643390
-0.172840
-0.217913
-0.241711
-0.014850
-0.236202
-0.426812
-0.447819
-0.425592
-0.478128
-0.512930
-0.523296
-0.423964
-0.411404
0.403460
0.955949
0.927028
0.931365
0.938933
0.947825
0.957673
0.967760
0.980084
0.991693
0.994409
0.995130
0.995570
0.995977
0.995711
0.993439
0.984184
0.981554
0.980648
0.980756
0.976718
0.977041
0.968078
0.970893
0.858430
-0.112904
-0.121264
-0.065566
-0.153648
-0.133455
-0.079682
-0.094726
-0.159235
-0.199111
-0.257861
-0.066429
0.106653
0.358962
0.375026
0.606179
0.598818
0.692030
0.743335
0.745929
0.760164
0.832746
0.930511
0.908419
0.963673
0.989042
0.992469
0.995575
0.989749
0.977542
0.839331
0.715165
0.791233
0.851870
0.742049
0.852587
0.814609
0.796441
0.842209
0.881723
0.950760
0.929107
0.929681
0.900142
0.814406
0.780786
0.810383
0.788502
0.779011
0.832023
0.844124
0.805970
0.858695
0.862359
0.786568
0.770220
0.782986
0.928027
0.981553
0.973730
0.940178
0.840683
0.682806
0.713609
0.728382
0.772113
0.787375
0.816117
0.743911
0.714414
0.752269
0.665887
0.721196
0.696343
0.697000
0.662205
0.690028
0.721347
0.708860
0.728798
0.645767
0.678196
0.666316
0.679713
0.685380
0.631410
0.691777
0.601014
0.747578
0.930014
0.940188
0.917869
0.914179
0.910002
0.913255
0.913332
0.918610
0.916710
0.928112
0.934472
0.949620
0.955506
0.968980
0.972431
0.978572
0.983082
0.987129
0.986370
0.987516
0.990293
0.989469
0.987391
0.982722
0.975941
0.963786
0.950396
0.937989
0.925404
0.917875
0.904153
0.907050
0.902086
0.915693
0.901035
0.924386
0.934578
0.956143
0.963680
0.976571
0.967706
0.986937
0.994184
0.983457
0.979999
0.983567
0.986555
0.990883
0.985391
0.987345
0.969421
0.973231
0.920148
0.964917
0.892978
0.936780
0.894895
0.950493
0.939415
0.961388
0.931324
0.938202
0.889780
0.766157
0.728223
0.755389
0.836429
0.770680
0.780928
0.785786
0.764982
0.786025
0.761912
0.809106
0.834748
0.796828
0.821195
0.804537
0.817313
0.975906
0.975626
0.938514
0.837471
0.844458
0.809564
0.836018
0.854639
0.777655
0.813693
0.862252
0.836263
0.809351
0.806335
0.795472
0.788850
0.826221
0.787055
0.788854
0.731535
0.769897
0.775998
0.810588
0.814245
0.786970
0.815656
0.717891
0.813069
0.730588
0.801181
0.754724
0.663742
0.691762
0.697977
0.727027
0.453866
0.167492
0.545123
0.584253
0.695408
0.696243
0.698708
0.673772
0.646841
0.673957
0.653617
0.559326
0.657373
0.733057
0.697763
0.754619
0.671261
0.814810
0.941561
0.988901
0.984718
0.959923
0.937460
0.930573
0.930574
0.926532
0.956559
0.989713
0.992574
0.994517
0.951521
0.915691
0.903932
0.911741
0.926033
0.920050
0.903829
0.928511
0.958312
0.988705
0.989997
0.988167
0.986567
0.986078
0.966166
0.948673
0.941551
0.915100
0.912058
0.972719
0.985088
0.979219
0.980440
0.985123
0.994476
0.995820
0.992515
0.986907
0.987928
0.990142
0.989842
0.988249
0.987095
0.984957
0.982369
0.941979
0.939561
0.952672
0.951827
0.967078
0.991070
0.994025
0.993903
0.994460
0.994438
0.994688
0.994927
0.994891
0.994933
0.995428
0.995725
0.995642
0.995507
0.991248
0.979094
0.974406
0.971815
0.973610
0.968854
0.942948
0.907829
0.958714
0.976954
0.985806
0.990701
0.993387
0.991267
0.993816
0.993317
0.992778
0.990637
0.991032
0.988713
0.949725
0.935785
0.846215
0.854055
0.772033
0.708966
0.724382
0.673948
0.745206
0.668618
0.183210
0.545447
0.563529
0.658520
0.739526
0.710721
0.738648
0.767349
0.670942
0.700598
0.753786
0.798941
0.803790
0.817652
0.859661
0.841723
0.823537
0.893223
0.782807
0.828259
0.880941
0.897519
0.936478
0.925278
0.925957
0.901107
0.954049
0.957180
0.915493
0.966505
0.965321
0.968391
0.970483
0.977102
0.975708
0.965681
0.961648
0.935393
0.985838
0.976241
0.987523
0.988644
0.987159
0.991465
0.989387
0.991364
0.991179
0.988536
0.991679
0.992462
0.992318
0.993888
0.993811
0.994094
0.994647
0.994512
0.994375
0.994796
0.995068
0.994892
0.995928
0.998802
0.978745
0.932977
0.973272
0.951411
0.935444
0.904242
0.884294
0.854312
0.851361
0.864237
0.866930
0.898430
0.938117
0.950530
0.952217
0.841093
0.350421
0.020125
-0.387032
-0.484536
0.117719
0.390072
0.261795
0.277331
0.582439
0.775494
0.712269
0.724780
0.820912
0.919138
0.907024
0.895863
0.899731
0.892540
0.887774
0.890385
0.892262
0.898336
0.904643
0.925748
0.967891
0.981013
0.983715
0.980447
0.971104
0.967063
0.977031
0.980962
0.984658
0.982365
0.985673
0.970900
0.987217
0.948484
0.585846
0.025650
-0.125033
-0.353166
-0.009216
0.036545
-0.088247
-0.094334
0.998995
0.998777
0.999249
0.999304
0.999007
0.999161
0.999040
0.998985
0.999006
0.999066
0.999020
0.998947
0.999118
0.999065
0.999143
0.999363
0.999252
0.999015
0.998784
0.999228
0.999302
0.999058
0.999143
0.999059
0.998989
0.998994
0.999082
0.999025
0.998970
0.996263
0.732571
0.517016
0.748087
0.716108
0.833029
0.750620
0.884299
0.823673
0.954356
0.933279
0.935021
0.975709
0.646653
-0.169467
-0.217762
-0.241817
-0.014553
-0.235368
-0.426833
-0.447862
-0.425570
-0.478181
-0.513063
-0.523539
-0.424137
-0.411838
0.402160
0.955948
0.927027
0.931366
0.938933
0.947824
0.957673
0.967759
0.980083
0.991694
0.994409
0.995130
0.995572
0.995978
0.995711
0.993439
0.984190
0.981554
0.980647
0.980758
0.976719
0.977012
0.968142
0.971286
0.858336
-0.112128
-0.121257
-0.066185
-0.153578
-0.133689
-0.079767
-0.094660
-0.159045
-0.199438
-0.257992
-0.065744
0.106011
0.342981
0.361814
0.538749
0.576717
0.620137
0.719880
0.737639
0.723660
0.837391
0.931381
0.901194
0.967263
0.989097
0.992324
0.995284
0.990054
0.971495
0.833196
0.701058
0.799049
0.846666
0.774377
0.828446
0.803378
0.825383
0.809152
0.882091
0.949348
0.931980
0.925046
0.889165
0.823622
0.780826
0.757278
0.782626
0.790506
0.854104
0.827280
0.805511
0.893856
0.858533
0.801283
0.782498
0.793605
0.926605
0.981132
0.974166
0.942703
0.842962
0.734314
0.705528
0.727798
0.739414
0.779214
0.780186
0.761162
0.725021
0.742642
0.682729
0.695841
0.686908
0.714988
0.651480
0.648544
0.691409
0.680663
0.695073
0.648484
0.660716
0.647925
0.678864
0.678431
0.631453
0.653870
0.610758
0.749882
0.930006
0.940187
0.917869
0.914178
0.910002
0.913254
0.913332
0.918612
0.916710
0.928112
0.934472
0.949619
0.955507
0.968980
0.972432
0.978572
0.983083
0.987127
0.986368
0.987516
0.990293
0.989468
0.987390
0.982721
0.975942
0.963786
0.950396
0.937989
0.925405
0.917875
0.904152
0.907053
0.902086
0.915693
0.901035
0.924387
0.934579
0.956143
0.963685
0.976551
0.967697
0.986972
0.994198
0.983456
0.980017
0.983575
0.986549
0.990878
0.985384
0.987349
0.969422
0.973230
0.920129
0.964773
0.892726
0.936761
0.894908
0.950480
0.939461
0.961802
0.939035
0.940550
0.902037
0.800564
0.750690
0.768524
0.811581
0.760431
0.822066
0.783990
0.789690
0.805839
0.783453
0.794039
0.787332
0.813691
0.807174
0.793095
0.829585
0.972344
0.973414
0.939171
0.802778
0.824181
0.797149
0.811467
0.828468
0.794077
0.806975
0.812288
0.802263
0.805898
0.797109
0.770118
0.825273
0.822766
0.768796
0.784871
0.734091
0.764637
0.787542
0.751331
0.801734
0.806846
0.765194
0.727038
0.788969
0.754169
0.770279
0.727078
0.676622
0.738388
0.656965
0.645586
0.342585
0.167435
0.514577
0.599950
0.718778
0.691689
0.732220
0.665147
0.625008
0.609698
0.624800
0.632919
0.664508
0.683659
0.738167
0.712215
0.668166
0.808130
0.941564
0.988904
0.984721
0.959923
0.937460
0.930577
0.930573
0.926532
0.956559
0.989713
0.992574
0.994517
0.951521
0.915692
0.903932
0.911741
0.926032
0.920050
0.903829
0.928512
0.958311
0.988706
0.989997
0.988165
0.986566
0.986078
0.966166
0.948674
0.941552
0.915100
0.912066
0.972721
0.985090
0.979217
0.980440
0.985099
0.994475
0.995818
0.992515
0.986907
0.987929
0.990142
0.989841
0.988249
0.987095
0.984958
0.982363
0.941977
0.939560
0.952671
0.951827
0.967078
0.991070
0.994025
0.993903
0.994459
0.994438
0.994689
0.994927
0.994891
0.994935
0.995428
0.995726
0.995642
0.995506
0.991248
0.979093
0.974407
0.971815
0.973612
0.968854
0.942949
0.907829
0.958713
0.976954
0.985807
0.990701
0.993388
0.991265
0.993823
0.993315
0.992772
0.990417
0.991032
0.988941
0.952445
0.945753
0.867635
0.860879
0.763084
0.718467
0.753107
0.704904
0.727123
0.667203
0.193442
0.531166
0.570820
0.636681
0.755974
0.744928
0.721666
0.734819
0.645542
0.659442
0.743111
0.756155
0.822821
0.853978
0.871047
0.896816
0.830612
0.857242
0.794532
0.838069
0.873511
0.895331
0.912030
0.935168
0.901248
0.924633
0.943762
0.939943
0.943793
0.969999
0.957303
0.972240
0.973319
0.974762
0.971406
0.956442
0.946443
0.897803
0.982428
0.960821
0.988344
0.988665
0.987270
0.991400
0.989327
0.991387
0.991199
0.988519
0.991641
0.992402
0.992412
0.993848
0.993821
0.994096
0.994609
0.994457
0.994326
0.994775
0.995070
0.994963
0.995892
0.998795
0.978895
0.932978
0.973271
0.951411
0.935444
0.904243
0.884296
0.854312
0.851361
0.864231
0.866932
0.898430
0.938118
0.950530
0.952209
0.841093
0.350421
0.020125
-0.387032
-0.484427
0.117580
0.390746
0.255125
0.262884
0.547830
0.741233
0.690894
0.719236
0.821125
0.919138
0.907025
0.895863
0.899731
0.892541
0.887772
0.890385
0.892263
0.898335
0.904645
0.925749
0.967890
0.981014
0.983716
0.980449
0.971103
0.967063
0.977032
0.980963
0.984656
0.982369
0.985668
0.970899
0.987210
0.948473
0.585866
0.025030
-0.124574
-0.353215
-0.009427
0.036304
-0.088454
-0.094565
0.106056
0.360132
0.279581
0.325238
0.521442
0.690287
0.765471
0.761669
0.778726
0.849681
0.849020
0.835089
0.878909
0.876734
0.879442
0.935319
0.920757
0.863939
0.906835
0.915021
0.949014
0.938530
0.945015
0.954431
0.938170
0.970925
0.965129
0.967925
0.969640
0.959958
0.978915
0.973358
0.983011
0.981237
0.985315
0.982102
0.983188
0.987885
0.984234
0.986214
0.974314
0.989435
0.989278
0.990158
0.991254
0.991537
0.991612
0.893457
0.907470
0.922011
0.903996
0.916262
0.910735
0.928623
0.917456
0.961408
0.961249
0.946997
0.944123
0.942256
0.894826
0.902916
0.184172
-0.367783
-0.193912
0.945192
0.939112
0.922761
0.896144
0.843367
0.853610
0.899329
0.918728
0.946490
0.965056
0.971778
0.980338
0.987797
0.990330
0.992147
0.992554
0.992124
0.992197
0.993088
0.993573
0.993809
0.994231
0.994589
0.995092
0.979514
0.969407
0.968001
0.958471
0.940446
0.943395
0.951698
0.956319
0.974686
0.985907
0.992423
0.982695
0.988132
0.986756
0.991522
0.986159
0.990503
0.987479
0.990760
0.991889
0.958877
0.871924
0.914391
0.851250
0.807173
0.779553
0.827158
0.833626
0.823294
0.837612
0.865291
0.834409
0.813065
0.864489
0.800012
0.781408
0.827970
0.891945
0.816521
0.885830
0.891221
0.939631
0.963556
0.950540
0.953944
0.953289
0.974193
0.949106
0.976685
0.983602
0.983417
0.978267
0.975346
0.984651
0.986013
0.989005
0.987177
0.985845
0.988982
0.989865
0.990600
0.992996
0.992192
0.993450
0.993653
0.994123
0.994639
0.994591
0.994157
0.995049
0.995220
0.996140
0.995230
0.996128
0.996005
0.995551
0.996654
0.996680
0.996940
0.997011
0.996973
0.997564
0.996917
0.997352
0.997345
0.997535
0.997821
0.997777
0.997740
0.997899
0.998344
0.998095
0.998155
0.998228
0.998401
0.998467
0.998613
0.998627
0.998238
0.998531
0.998453
0.998718
0.998334
0.998422
0.930075
0.934156
0.920541
0.922399
0.914908
0.903231
0.897628
0.906872
0.919665
0.927502
0.939978
0.933242
0.930153
0.929242
0.951160
0.926157
0.856542
0.811562
0.767389
0.813164
0.843389
0.842990
0.873752
0.902634
0.868563
0.802871
0.931030
0.855936
0.991259
0.977358
0.892276
0.845408
0.874827
0.935157
